CTT008
Programming Techniques
19CTT2
dbtien
02-03-2020
02-04-2020
07:30
10:00
1
I34
2
19120219
-1 -1 -1 -1
0 0 0 0
19120220
-1 -1 -1 -1
0 0 0 0
CTT008
Programming Techniques
19CLC5
dbtien
02-03-2020
02-04-2020
10:00
11:45
2
I22
5
19127242
-1 -1 -1 -1
1 1 1 1
19127067
-1 -1 -1 -1
0 1 1 0
19127109
-1 -1 -1 -1
0 0 0 0
19120219
-1 -1 -1 -1
0 1 0 1
htthanh
-1 -1 -1 -1
0 0 0 0
CS0001
Phuc's course
19CLC5
19127242
02-03-2020
02-04-2020
07:30
11:45
1
B23
5
19127242
-1 -1 -1 -1
0 0 0 0
19127067
-1 -1 -1 -1
0 0 0 0
19127109
-1 -1 -1 -1
0 0 0 0
19120219
-1 -1 -1 -1
0 0 0 0
htthanh
-1 -1 -1 -1
0 0 0 0
